Address:   172.20.10.7          10101100.00010100.00001010.000 00111
Netmask:   255.255.255.224 = 27 11111111.11111111.11111111.111 00000
Wildcard:  0.0.0.31             00000000.00000000.00000000.000 11111
=>
Network:   172.20.10.0/27       10101100.00010100.00001010.000 00000
HostMin:   172.20.10.1          10101100.00010100.00001010.000 00001
HostMax:   172.20.10.30         10101100.00010100.00001010.000 11110
Broadcast: 172.20.10.31         10101100.00010100.00001010.000 11111
Hosts/Net: 30                    Class B, Private Internet

